-180.0
-133.0
-193.0
-119.0
93.0
-42.0
-12.0
-126.0
-114.0
-124.0
-114.0
-204.0
-77.0
-51.0
-48.0
-172.0
-65.0
-150.0
-42.0
-123.0
-44.0
-143.0
-104.0
-271.0
-107.0
-188.0
-117.0
-51.0
-127.0
-114.0
-146.0
-108.0
-73.0
-416.0
-324.0
-217.0
-63.0
-184.0
-412.0
4.0
-402.0
-300.0
-298.0
-205.0
-412.0
-230.0
-48.0
-187.0
-234.0
-411.0
-228.0
-439.0
-82.0
-206.0
-206.0
-412.0
-407.0
-13.0
-231.0
-175.0
-454.0
-122.0
-20.0
-20.0
-20.0
60.0
1.0
-20.0
-20.0
84.0
-27.0
51.0
-98.0
1.0
-28.0
-16.0
-14.0
-20.0
50.0
50.0
-43.0
32.0
-20.0
50.0
79.0
-58.0
60.0
50.0
80.0
84.0
-13.0
-43.0
-60.0
51.0
-10.0
-8.0
-10.0
-44.0
64.0
-18.0
43.0
-17.0
33.0
-64.0
43.0
33.0
56.0
-36.0
43.0
33.0
59.0
-36.0
-36.0
-37.0
-27.0
33.0
33.0
-26.0
-79.0
-38.0
-47.0
-146.0
-58.0
-39.0
-20.0
-59.0
-79.0
-79.0
-87.0
-79.0
-75.0
-107.0
-79.0
-79.0
-78.0
-38.0
-38.0
-38.0
-38.0
-59.0
-58.0
-38.0
-20.0
-118.0
-38.0
-38.0
-42.0
-147.0
-58.0
-79.0
-74.0
-79.0
-119.0
-78.0
-59.0
-43.0
-148.0
-65.0
-65.0
-56.0
-46.0
-38.0
-38.0
-111.0
-74.0
-65.0
-38.0
-56.0
-65.0
57.0
57.0
63.0
37.0
68.0
68.0
48.0
48.0
-11.0
58.0
57.0
68.0
-96.0
48.0
-412.0
-49.0
58.0
58.0
57.0
-58.0
68.0
57.0
48.0
-101.0
47.0
-139.0
59.0
48.0
-11.0
-20.0
68.0
64.0
66.0
56.0
-38.0
81.0
68.0
68.0
-29.0
-56.0
57.0
68.0
68.0
-28.0
67.0
48.0
-93.0
38.0
9.0
57.0
68.0
48.0
-11.0
68.0
68.0
57.0
-11.0
48.0
68.0
38.0
67.0
57.0
48.0
89.0
37.0
48.0
-51.0
69.0
68.0
-65.0
68.0
48.0
9.0
-97.0
57.0
-38.0
19.0
8.0
-38.0
68.0
57.0
68.0
104.0
25.0
-92.0
48.0
-271.0
-51.0
57.0
48.0
68.0
65.0
-83.0
88.0
-79.0
-41.0
70.0
68.0
57.0
-58.0
-92.0
68.0
68.0
68.0
68.0
-52.0
-79.0
-110.0
48.0
48.0
68.0
57.0
-77.0
48.0
-11.0
-79.0
48.0
64.0
57.0
48.0
-11.0
49.0
-11.0
-78.0
41.0
-38.0
57.0
48.0
47.0
-115.0
48.0
57.0
-120.0
72.0
72.0
-11.0
48.0
57.0
57.0
68.0
57.0
68.0
68.0
47.0
48.0
-11.0
68.0
-72.0
-38.0
-79.0
68.0
-11.0
37.0
57.0
-432.0
3.0
73.0
48.0
57.0
-1.0
-11.0
64.0
48.0
68.0
-34.0
24.0
58.0
48.0
84.0
68.0
-282.0
-190.0
-4.0
-59.0
68.0
-71.0
-97.0
68.0
57.0
48.0
-38.0
46.0
-92.0
68.0
47.0
-11.0
59.0
57.0
48.0
-10.0
68.0
58.0
81.0
57.0
48.0
68.0
57.0
-28.0
57.0
48.0
58.0
47.0
57.0
-71.0
68.0
38.0
57.0
58.0
-63.0
68.0
47.0
57.0
50.0
68.0
-100.0
68.0
81.0
57.0
64.0
-49.0
68.0
57.0
57.0
-11.0
57.0
68.0
-62.0
-45.0
-55.0
-11.0
47.0
-50.0
57.0
48.0
-101.0
66.0
68.0
-97.0
34.0
48.0
68.0
-101.0
-82.0
-50.0
48.0
64.0
68.0
48.0
10.0
48.0
68.0
57.0
57.0
32.0
-64.0
-103.0
57.0
68.0
48.0
68.0
58.0
68.0
-45.0
69.0
68.0
0.0
-50.0
57.0
68.0
48.0
69.0
37.0
57.0
68.0
88.0
49.0
48.0
-92.0
68.0
-416.0
-11.0
48.0
47.0
57.0
-84.0
58.0
57.0
-20.0
-11.0
68.0
-48.0
68.0
-96.0
68.0
-12.0
7.0
68.0
58.0
-10.0
69.0
47.0
-51.0
-96.0
-15.0
67.0
56.0
-96.0
16.0
68.0
68.0
-11.0
87.0
68.0
68.0
48.0
68.0
68.0
-69.0
87.0
59.0
-70.0
69.0
37.0
-11.0
48.0
-51.0
-58.0
58.0
57.0
48.0
68.0
-52.0
68.0
-49.0
68.0
10.0
60.0
68.0
68.0
64.0
57.0
57.0
68.0
-19.0
57.0
-11.0
48.0
88.0
69.0
47.0
68.0
-11.0
-21.0
57.0
68.0
67.0
-11.0
-96.0
68.0
0.0
-12.0
68.0
-106.0
18.0
68.0
-66.0
68.0
-38.0
-79.0
1.0
-49.0
9.0
-11.0
24.0
68.0
57.0
67.0
48.0
-65.0
48.0
-11.0
47.0
-20.0
57.0
58.0
57.0
57.0
48.0
-4.0
88.0
-97.0
48.0
88.0
68.0
68.0
70.0
17.0
37.0
-21.0
68.0
57.0
-290.0
-51.0
57.0
37.0
34.0
-20.0
48.0
47.0
57.0
50.0
68.0
-103.0
68.0
68.0
68.0
11.0
-79.0
-19.0
37.0
-55.0
68.0
37.0
48.0
44.0
-38.0
69.0
48.0
48.0
-11.0
-51.0
68.0
57.0
48.0
68.0
57.0
-58.0
58.0
57.0
48.0
68.0
-92.0
-125.0
68.0
48.0
68.0
48.0
-20.0
68.0
44.0
-11.0
-1.0
-57.0
-15.0
-29.0
18.0
28.0
-42.0
-33.0
57.0
-162.0
68.0
56.0
48.0
68.0
46.0
69.0
48.0
68.0
69.0
44.0
69.0
68.0
-103.0
-102.0
59.0
68.0
-50.0
37.0
53.0
-111.0
77.0
68.0
48.0
-45.0
68.0
-30.0
77.0
-11.0
48.0
68.0
-13.0
-12.0
-59.0
57.0
-93.0
97.0
57.0
-11.0
48.0
69.0
57.0
57.0
30.0
77.0
48.0
-51.0
67.0
-78.0
57.0
57.0
57.0
68.0
68.0
57.0
-103.0
57.0
49.0
11.0
58.0
57.0
