-60.0
-32.0
-57.0
-78.0
-69.0
-39.0
-70.0
-107.0
-30.0
-30.0
-63.0
-48.0
-69.0
-48.0
-79.0
-60.0
-39.0
-33.0
-9.0
-97.0
-78.0
-25.0
-83.0
-74.0
-28.0
-60.0
-31.0
-70.0
-45.0
-33.0
-57.0
-87.0
-5.0
-133.0
-94.0
-98.0
-95.0
-128.0
-42.0
-113.0
-135.0
-48.0
-96.0
-101.0
-56.0
-63.0
-91.0
-79.0
-54.0
-24.0
-36.0
-51.0
-66.0
-84.0
-88.0
-31.0
-154.0
-63.0
-39.0
-105.0
-6.0
-38.0
-18.0
-141.0
-30.0
-91.0
-22.0
-107.0
-41.0
-29.0
-57.0
-178.0
-65.0
3.0
-15.0
-49.0
-19.0
-131.0
-53.0
-46.0
-51.0
-168.0
-102.0
-82.0
-231.0
-5.0
-114.0
-11.0
-45.0
-27.0
-37.0
-31.0
-51.0
-51.0
-65.0
-39.0
-71.0
-47.0
-17.0
-36.0
-49.0
-28.0
-44.0
-54.0
-71.0
-31.0
-19.0
7.0
-76.0
-41.0
-29.0
-19.0
3.0
-11.0
-4.0
-3.0
9.0
-18.0
21.0
-62.0
69.0
-52.0
-13.0
-23.0
-16.0
69.0
9.0
-18.0
47.0
47.0
-84.0
75.0
-25.0
-49.0
-37.0
-25.0
79.0
8.0
-37.0
75.0
10.0
-3.0
69.0
2.0
69.0
67.0
28.0
-14.0
65.0
66.0
7.0
-26.0
-12.0
55.0
7.0
-24.0
9.0
-10.0
-5.0
9.0
0.0
-191.0
47.0
41.0
-56.0
-186.0
-194.0
-42.0
-194.0
-182.0
-196.0
3.0
75.0
67.0
91.0
56.0
7.0
11.0
-11.0
-33.0
-189.0
69.0
-13.0
65.0
6.0
-12.0
-198.0
5.0
28.0
87.0
-21.0
1.0
87.0
-22.0
31.0
-71.0
-11.0
-165.0
-173.0
10.0
69.0
66.0
-11.0
-10.0
-13.0
-157.0
9.0
-195.0
-191.0
10.0
65.0
47.0
-37.0
-21.0
-12.0
19.0
20.0
-19.0
-13.0
-28.0
2.0
-140.0
-30.0
-17.0
-186.0
-182.0
-12.0
-193.0
-17.0
-12.0
-9.0
-31.0
-51.0
2.0
-31.0
-3.0
-73.0
-50.0
-4.0
-4.0
20.0
-15.0
-3.0
-161.0
-174.0
4.0
14.0
-78.0
-183.0
-174.0
-118.0
5.0
-149.0
-165.0
5.0
-20.0
9.0
-100.0
-30.0
9.0
-4.0
-21.0
12.0
8.0
-11.0
-5.0
35.0
3.0
16.0
38.0
7.0
68.0
63.0
-2.0
52.0
51.0
-19.0
-30.0
67.0
-12.0
69.0
38.0
69.0
-37.0
66.0
37.0
65.0
41.0
36.0
-3.0
69.0
6.0
40.0
-11.0
-33.0
-54.0
-55.0
70.0
-1.0
-161.0
-32.0
1.0
65.0
-11.0
-59.0
-21.0
-5.0
69.0
-13.0
-37.0
-18.0
-11.0
-24.0
-169.0
-49.0
-3.0
-23.0
50.0
-152.0
1.0
11.0
1.0
-107.0
-20.0
-29.0
57.0
8.0
69.0
-12.0
15.0
1.0
-3.0
33.0
-12.0
69.0
-16.0
65.0
-14.0
-23.0
8.0
69.0
-13.0
16.0
-13.0
-31.0
-13.0
69.0
6.0
87.0
47.0
70.0
-21.0
69.0
-2.0
69.0
-9.0
-13.0
68.0
40.0
69.0
69.0
6.0
69.0
-23.0
-40.0
68.0
66.0
7.0
-14.0
68.0
-32.0
-11.0
-130.0
-36.0
69.0
-6.0
-30.0
6.0
-3.0
6.0
67.0
28.0
21.0
-6.0
55.0
-11.0
-33.0
-23.0
-12.0
-87.0
-16.0
49.0
-24.0
-11.0
33.0
69.0
29.0
-23.0
-18.0
85.0
67.0
-13.0
-12.0
-3.0
-28.0
34.0
4.0
14.0
-10.0
-11.0
