-122.0
-78.0
-60.0
-7.0
-87.0
-51.0
-38.0
-133.0
-33.0
-47.0
-30.0
-53.0
-96.0
-65.0
-88.0
-24.0
-91.0
-48.0
-116.0
-61.0
-30.0
-93.0
77.0
0.0
3.0
-2.0
-75.0
-70.0
-36.0
-9.0
-56.0
-46.0
-120.0
-84.0
-247.0
-107.0
-219.0
-188.0
-179.0
-190.0
-227.0
-194.0
-184.0
-119.0
-34.0
-169.0
-15.0
-216.0
-179.0
20.0
-43.0
-11.0
-33.0
-10.0
-85.0
-18.0
11.0
-17.0
-19.0
-9.0
-35.0
-9.0
-32.0
-34.0
6.0
12.0
-38.0
-52.0
-38.0
-37.0
-34.0
-63.0
-33.0
-7.0
12.0
-38.0
-7.0
-8.0
-40.0
-39.0
-8.0
-29.0
-39.0
-36.0
-39.0
-58.0
-8.0
13.0
-37.0
-34.0
0.0
-8.0
-38.0
22.0
-56.0
-134.0
-218.0
-187.0
-8.0
-173.0
-22.0
-45.0
-163.0
-67.0
12.0
-21.0
-37.0
-2.0
-7.0
61.0
-1.0
-16.0
-53.0
-5.0
4.0
67.0
32.0
28.0
111.0
6.0
-73.0
27.0
-3.0
67.0
-137.0
-13.0
-51.0
-196.0
-6.0
65.0
79.0
9.0
90.0
-38.0
66.0
-53.0
65.0
67.0
-6.0
67.0
-10.0
20.0
71.0
68.0
22.0
9.0
79.0
0.0
-10.0
67.0
68.0
65.0
47.0
-15.0
-30.0
67.0
-6.0
-3.0
69.0
1.0
-28.0
8.0
-3.0
70.0
-13.0
-35.0
21.0
68.0
65.0
67.0
79.0
8.0
-10.0
69.0
-2.0
-10.0
-10.0
53.0
6.0
69.0
-10.0
65.0
69.0
-16.0
9.0
-3.0
9.0
-31.0
-18.0
-1.0
12.0
-14.0
9.0
-34.0
5.0
9.0
-39.0
-14.0
8.0
-122.0
-5.0
9.0
51.0
-3.0
-23.0
-91.0
-9.0
-108.0
-13.0
-10.0
18.0
-37.0
-99.0
59.0
-25.0
-6.0
69.0
67.0
45.0
-122.0
10.0
-45.0
61.0
65.0
60.0
0.0
65.0
-73.0
-9.0
8.0
9.0
9.0
-8.0
-9.0
8.0
6.0
-37.0
-75.0
-9.0
5.0
69.0
5.0
60.0
12.0
69.0
-28.0
-11.0
-37.0
29.0
-31.0
-172.0
-55.0
-48.0
69.0
65.0
-11.0
59.0
-199.0
-160.0
1.0
57.0
66.0
-177.0
-14.0
-16.0
-191.0
-35.0
-6.0
-74.0
-12.0
8.0
-65.0
-5.0
22.0
-15.0
-1.0
58.0
46.0
49.0
64.0
47.0
65.0
21.0
-1.0
-9.0
49.0
66.0
45.0
-3.0
-79.0
-208.0
-77.0
20.0
-43.0
67.0
42.0
8.0
-8.0
61.0
-20.0
7.0
66.0
-26.0
71.0
5.0
-10.0
-12.0
67.0
-123.0
56.0
109.0
75.0
67.0
-24.0
69.0
16.0
49.0
-11.0
-29.0
7.0
-2.0
-4.0
-4.0
-29.0
67.0
12.0
18.0
-5.0
3.0
-199.0
-99.0
6.0
65.0
67.0
65.0
65.0
37.0
65.0
67.0
65.0
69.0
4.0
55.0
7.0
-15.0
20.0
14.0
-55.0
-235.0
12.0
49.0
-12.0
69.0
-5.0
-159.0
-22.0
-178.0
69.0
5.0
69.0
71.0
-214.0
55.0
2.0
19.0
51.0
-257.0
67.0
45.0
7.0
66.0
8.0
0.0
67.0
-172.0
61.0
68.0
6.0
20.0
66.0
76.0
-25.0
-1.0
65.0
66.0
65.0
65.0
11.0
7.0
-27.0
87.0
47.0
65.0
-14.0
-188.0
68.0
-4.0
68.0
0.0
69.0
